0.284 -18.196
-7.888 -20.06
14.585 15.583
-5.515 -5.64
59.343 -9.121
9.912 -17.005
-35.939 11.745
-0.9 -1.697
33.152 20.644
-17.681 36.139
55.943 -10.522
14.2 24.345
-2.565 -19.994
-48.01 34.218
11.686 6.73
3.169 0.627
-31.482 -4.87
-5.176 -28.562
-4.859 -8.568
-20.217 20.928
-24.854 -3.344
6.837 -25.202
32.907 17.548
13.186 17.322
19.171 -6.709
4.712 -9.653
4.03 59.02
13.879 4.712
-20.137 -1.85
-8.24 -4.496
-6.119 -30.136
-45.159 -12.602
40.4 53.885
29.227 -20.437
4.247 0.518
10.504 -4.2
-27.453 11.256
-11.403 -18.774
-24.683 -9.204
-23.37 15.101
45.814 -8.771
43.623 12.191
16.488 15.129
47.295 -7.799
-14.238 -29.733
11.271 -2.565
31.907 2.249
-11.582 -3.513
4.673 4.995
8.8 -17.547
49.747 -7.851
-2.903 -23.085
5.421 26.325
22.807 7.247
15.086 -12.139
-20.117 -12.964
-10.699 -34.113
-10.182 41.343
-0.538 5.523
7.819 -28.254
-7.113 -1.643
81.644 35.71
16.176 -20.174
-6.47 31.401
32.249 39.173
5.208 6.916
-11.929 20.288
13.793 42.359
-6.508 27.883
1.294 1.279
-1.905 51.374
22.807 43.636
-9.538 24.311
22.143 14.079
-18.108 -8.572
-65.123 4.048
-61.201 18.783
17.837 -6.939
-14.558 -6.799
15.693 -2.838
13.322 1.154
6.439 9.6
-8.492 -29.114
-36.071 -40.501
16.395 -21.823
-36.131 -1.829
-13.726 62.451
18.858 3.403
17.634 -6.077
-9.795 -25.312
-15.686 -0.37
12.871 44.928
-11.371 16.845
8.125 3.905
-2.017 -28.102
4.738 11.885
32.034 -2.097
25.222 19.032
-31.242 5.047
-41.219 16.88
-4.107 1.413
16.407 22.004
14.831 -30.036
-37.689 7.53
12.571 -3.842
-62.98 19.018
17.598 14.434
-11.432 23.418
-9.433 -27.764
9.171 -4.894
38.296 6.997
-19.701 9.328
-1.797 -15.931
9.422 -8.142
0.927 -3.258
-2.432 -33.824
-42.666 55.862
-11.924 -22.029
-11.643 -3.904
-24.136 -24.484
-33.434 -3.044
35.694 -40.553
-4.566 -10.405
30.22 -92.764
5.352 -5.867
-25.791 -2.998
24.775 -42.818
-8.469 -11.058
37.197 -8.348
-10.291 -5.95
-7.312 4.078
-7.023 -32.766
19.613 -19.489
24.66 10.721
30.047 21.885
12.317 2.227
8.722 34.008
-25.364 -27.328
-21.814 -26.39
42.508 2.348
31.226 -27.514
-3.307 -17.596
-5.755 10.442
-9.609 -18.351
-29.627 27.593
2.677 50.651
1.155 -51.919
28.374 -28.892
7.3 -14.32
-6.562 40.776
4.948 -3.732
1.144 -23.828
-22.018 -30.927
-30.086 28.261
-4.447 14.399
62.646 7.251
45.703 18.234
35.731 -11.522
-10.219 -19.109
-9.359 3.914
-4.204 19.2
-4.032 33.993
20.433 -34.005
-16.156 22.89
15.502 -21.442
-2.564 13.544
4.072 11.665
-35.855 -16.836
0.588 11.634
31.137 -18.8
-14.022 37.631
-36.405 0.046
23.492 -10.09
-3.577 2.675
33.325 19.037
11.187 29.36
-7.013 16.885
12.34 -2.907
21.729 -5.66
3.078 6.294
-44.22 -19.237
27.019 37.642
-13.932 -3.866
-28.12 -12.94
18.433 16.153
28.68 -19.829
-14.392 11.587
-36.616 3.197
15.22 -14.181
13.791 -30.542
10.047 -37.346
-7.37 -13.544
-18.004 -10.755
-31.221 28.869
-1.02 7.027
-25.045 27.959
8.42 6.1
-27.585 1.174
16.97 -26.046
-2.383 -16.823