16.215 31.859
-22.747 10.035
11.748 18.923
-2.324 32.663
21.46 45.492
-14.875 6.009
2.769 30.943
2.604 -0.234
23.981 -10.077
-28.331 -16.969
32.186 24.256
-17.689 20.018
12.584 -22.789
-1.98 -2.763
-20.748 -15.669
-19.719 6.98
22.497 -9.195
11.242 -42.425
7.161 22.254
39.992 -37.994
-16.056 -13.002
4.467 25.831
-16.17 36.873
5.301 -7.342
2.741 -11.463
-21.338 26.323
16.826 10.999
33.427 -6.373
4.687 27.101
8.154 22.242
-24.588 -20.917
55.033 -3.933
-23.424 -14.073
33.792 20.676
-39.743 4.19
-16.624 3.264
3.473 23.494
-1.795 18.724
-13.874 -10.684
-22.955 24.084
16.61 -5.869
-33.393 -0.388
21.684 -21.99
-7.535 8.462
5.433 1.28
-32.525 -55.232
-6.261 5.429
30.208 14.614
-16.104 29.938
-21.306 -26.812
56.039 -33.637
16.922 -50.124
-29.376 2.665
-3.559 -11.547
24.057 -35.901
-35.771 44.168
26.138 -32.45
17.685 -59.779
-4.528 5.123
17.053 5.329
-2.944 3.747
-31.943 24.02
-32.004 -25.561
3.499 -19.042
7.747 2.239
-33.002 5.855
-2.193 34.482
-12.119 12.669
23.082 -76.186
-2.092 -13.863
-10.785 8.783
44.781 -5.353
-9.754 18.848
23.398 6.454
19.0 5.003
4.236 -8.444
-25.951 3.229
-44.179 -16.037
12.075 -33.12
-13.545 -48.168
-8.23 7.874
14.549 -20.161
19.953 37.003
-14.494 38.069
-19.527 -19.277
-15.023 -25.217
22.963 6.55
-20.724 -11.367
-6.936 -48.868
0.727 51.01
-5.993 -10.463
3.641 18.037
-34.425 -5.171
-9.002 -1.778
-66.211 17.221
3.574 7.53
-5.274 11.062
-38.195 8.679
-4.312 8.097
-42.427 61.758