-19.17 -17.33
-25.83 27.83
-5.67 36.33
-12.17 10.83
1.00 34.00
-18.33 -23.67
17.83 -18.00
-9.17 19.33
21.67 -6.33
8.00 2.17
18.83 44.67
-3.00 -27.50
2.67 -25.00
28.83 18.33
3.50 33.83
5.33 49.83
-13.50 30.50
2.83 15.83
0.50 40.83
29.17 33.67
-4.33 -11.67
-16.17 38.00
3.17 32.33
21.33 -16.67
0.50 36.83
-3.50 30.17
-18.00 20.33
20.67 8.00
-9.50 -4.00
11.17 -11.00
-0.83 6.00
17.83 -1.17
37.67 27.50
14.17 -22.17
-33.50 23.17
11.33 42.33
-43.00 27.17
7.00 -30.33
-22.67 6.67
-5.00 21.17
-10.67 -14.33
14.67 29.00
11.00 23.67
-6.17 41.00
-25.17 17.67
25.83 -23.67
-18.00 8.17
40.33 33.17
16.67 36.00
31.33 28.17
8.33 15.00
-4.50 -20.50
14.17 -5.33
-19.17 -7.17
-12.67 25.83
30.33 4.33
30.67 -9.67
-5.00 -16.33
1.17 -17.33
-13.50 1.33
-21.50 37.67
21.00 1.83
28.17 -3.50
3.83 35.50
25.67 12.17
4.50 -13.00
28.83 38.17
7.33 53.50
31.67 -15.00
40.00 -18.67
4.67 31.17
-19.50 26.67
23.50 7.17
29.00 0.67
43.17 -25.17
-5.67 2.67
29.50 22.50
34.50 22.67
30.17 -25.00
2.17 45.83
-14.50 -24.50
19.50 -8.67
1.50 35.33
-2.17 13.17
22.17 27.17
-10.67 -20.00
-0.50 24.50
3.67 -7.00
22.00 34.17
-24.83 12.17
-33.00 32.17
-1.50 -3.50
2.50 34.83
9.67 10.50
21.67 19.00
37.33 -33.17
