500 0.022412000107578933
13099 0.20098630001302809
25699 0.3836844000034034
38299 0.5494194000493735
50898 0.7319598000030965
63498 0.9658634000224993
76098 1.151674299966544
88697 1.3541335000190884
101297 1.5536910999799147
113897 1.8531727000372484
126496 2.1807715999893844
139096 2.2433147999690846
151696 2.4321219999110326
164295 2.8314720999915153
176895 3.251404599985108
189495 3.4072122999932617
202094 3.663807400036603
214694 3.959896699991077
227294 3.9054825000930578
239893 4.267936400021426
252493 4.442358999978751
265093 4.637691900017671
277692 4.637596299988218
290292 5.084335800027475
302892 5.27738640003372
315491 5.4608356999233365
328091 5.672763200011104
340691 5.917690599919297
353290 5.941213799989782
365890 6.358692700043321
378490 6.545901199919172
391089 7.107118899933994
403689 7.265298800077289
416289 7.924404900055379
428888 8.11652550008148
441488 8.104429699946195
454088 8.313373899902217
466687 8.539149500080384
479287 8.81955629994627
491887 8.922968000057153
504486 9.19642739999108
517086 9.389485400053672
529686 9.589537399937399
542285 9.721392699982971
554885 9.918990700040013
567485 10.178178599919192
580084 10.37937179999426
592684 10.533550000051036
605284 10.78817940002773
617883 11.147508100024424
630483 11.147961999988183
643083 11.44039070000872
655682 11.684179599978961
668282 11.885064900037833
680882 12.109986099996604
693481 12.318704399978742
706081 12.525940700084902
718681 12.763675299938768
731280 13.129921999992803
743880 13.12976569996681
756480 13.28461089998018
769079 13.56420360004995
781679 13.847185900085606
794279 14.257079700008035
806878 14.333025299943984
819478 14.506668800022453
832078 15.775586699950509
844677 16.155307599925436
857277 17.39515300001949
869877 18.76122290000785
882476 17.403983799973503
895076 16.83547169994563
907676 17.024210699950345
920275 17.222926200018264
932875 17.482626399956644
945475 17.612625899957493
958074 18.659484299947508
970674 18.346758999978192
983274 18.30436780001037
995873 18.303374800016172
1008473 18.617524300003424
1021073 18.962149300030433
1033672 18.98727530008182
1046272 19.187942199991085
1058872 19.58767090004403
1071471 19.661521299974993
1084071 19.92326499999035
1096671 20.078421299927868
1109270 21.762486300081946
1121870 23.88434370001778
1134470 21.048301300033927
1147069 21.063261799979955
1159669 21.297151000006124
1172269 21.441336899995804
1184868 21.69234209996648
1197468 21.7554894000059
1210068 23.144387000007555
1222667 22.619750100071542
1235267 22.408352600061335
1247867 22.632249400019646