500 0.005102899973280728
13099 0.13472159998491406
25699 0.26554870000109076
38299 0.42584020004142076
50898 0.5277945999987423
63498 0.6530095000052825
76098 0.8008378999074921
88697 0.9234224000247195
101297 1.1133122000610456
113897 1.2413081000559032
126496 1.3295194999082014
139096 1.4609935999615118
151696 1.7126403999282047
164295 1.7492002999642864
176895 1.850952500011772
189495 1.9923607000382617
202094 2.2011632000794634
214694 2.2718902999768034
227294 2.407630700035952
239893 2.550643700058572
252493 2.6640794000122696
265093 2.7991139999357983
277692 2.9277414999669418
290292 3.1020742999389768
302892 3.220259299967438
315491 3.4562887999927625
328091 3.5074168000137433
340691 3.6255998000269756
353290 3.7388265000190586
365890 3.8909112999681383
378490 4.003496700082906
391089 4.138065300066955
403689 4.256815899978392
416289 4.407625399995595
428888 4.47346419992391
441488 4.62918039993383
454088 4.856565900030546
466687 4.912033600034192
479287 5.080047800089233
491887 5.242664499906823
504486 5.387308800010942
517086 5.495986700057983
529686 5.614344700006768
542285 5.735316999955103
554885 5.897817800054327
567485 5.961664599948563
580084 6.1470765999984
592684 6.274552999995649
605284 6.5052462000167
617883 6.732045299955644
630483 6.706624099984765
643083 6.826614299905486
655682 6.958559900056571
668282 7.120739799924195
680882 7.280186400050297
693481 7.716867599985562
706081 7.581855800002813
718681 7.594508399954066
731280 7.851845400058664
743880 7.997752700001001
756480 8.134858299978077
769079 8.305643699946813
781679 8.351415100041777
794279 8.435596900060773
806878 8.56078920001164
819478 8.96757770003751
832078 8.836662899935618
844677 9.042110599926673
857277 9.124267800012603
869877 9.390843899920583
882476 9.428302200045437
895076 9.558567899977788
907676 9.830321400077082
920275 9.834921500063501
932875 9.983297300059348
945475 10.08147860004101
958074 10.255355500034057
970674 10.329667199985124
983274 10.56024530006107
995873 10.726470900001004
1008473 10.899961299961433
1021073 10.990549000096507
1033672 11.237422399921343
1046272 11.443936499999836
1058872 11.457219599978998
1071471 11.487423700047657
1084071 11.730079599888995
1096671 12.013651900109835
1109270 12.061568300006911
1121870 11.957540899980813
1134470 12.154604600043967
1147069 12.30649889993947
1159669 12.319199300021864
1172269 12.4782181000337
1184868 12.896379200043157
1197468 12.989928800030611
1210068 15.83527379995212
1222667 13.049710900057107
1235267 13.150687399902381
1247867 13.340951499994844